0
4
5
11
12
14
14
11
11
6
3
-5
-6
-12
-13
-15
-15
-12
-12
-5
-7
4
5
11
12
14
14
11
11
6
3
-5
-6
-12
-13
-15
-15
-12
-12
-5
-7
4
5
11
12
14
14
11
11
4
6
-5
-6
-12
-13
-15
-15
-12
-12
-5
-7
4
5
11
12
14
14
11
11
6
3
-5
-6
-12
-13
-15
-15
-12
-12
-5
-7
4
5
11
12
14
14
11
11
6
3
-5
-6
-12
-13
-15
-15
-12
-12
-5
-7
4
5
11
12
14
14
11
11
6
3
-5
-6
-12
-13
-15
-15
-12
-12
-5
-7
4
5
11
12
14
14
11
11
6
3
-5
-6
-12
-13
-15
-15
-12
-12
-5
-7
4
5
11
12
14
14
11
11
4
6
-5
-6
-12
-13
-15
-15
-12
-12
-5
-7
4
5
11
12
14
14
11
11
6
3
-5
-6
-12
-13
-15
-15
-12
-12
-5
-7
4
5
11
12
14
14
11
11
4
6
-5
-6
-12
-13
-15
-15
-12
-12
-5
-5
