0
4
4
11
11
14
14
11
11
5
4
-4
-5
-12
-12
-15
-15
-13
-12
-6
-5
3
4
11
11
14
14
11
11
5
4
-4
-5
-12
-12
-15
-15
-13
-12
-6
-5
3
4
11
11
14
14
11
11
5
4
-4
-5
-12
-12
-15
-15
-13
-12
-6
-5
3
4
11
11
14
14
11
11
5
4
-4
-5
-12
-12
-15
-15
-13
-12
-6
-5
3
4
11
11
14
14
11
11
5
4
-4
-5
-12
-12
-15
-15
-13
-12
-6
-5
3
4
11
11
14
14
11
11
5
4
-4
-5
-12
-12
-15
-15
-13
-12
-6
-5
3
4
11
11
14
14
11
11
5
4
-4
-5
-12
-12
-15
-15
-13
-12
-6
-5
3
4
11
11
14
14
11
11
5
4
-4
-5
-12
-12
-15
-15
-13
-12
-6
-5
3
4
11
11
14
14
11
11
5
4
-4
-5
-12
-12
-15
-15
-13
-12
-6
-5
3
4
11
11
14
14
11
11
5
4
-4
-5
-12
-12
-15
-15
-13
-12
-6
-6
