0
0
8
8
21
21
26
26
21
21
8
8
-9
-10
-23
-23
-28
-28
-23
-23
-10
-10
7
8
21
21
26
26
21
21
8
8
-9
-10
-23
-23
-28
-28
-23
-23
-10
-10
7
8
21
21
26
26
21
21
8
8
-9
-10
-23
-23
-28
-28
-23
-23
-10
-10
7
8
21
21
26
26
21
21
8
8
-9
-10
-23
-23
-28
-28
-23
-23
-10
-10
7
8
21
21
26
26
21
21
8
8
-9
-10
-23
-23
-28
-28
-23
-23
-10
-10
7
8
21
21
26
26
21
21
8
8
-9
-10
-23
-23
-28
-28
-23
-23
-10
-10
7
8
21
21
26
26
21
21
8
8
-9
-10
-23
-23
-28
-28
-23
-23
-10
-10
7
8
21
21
26
26
21
21
8
8
-9
-10
-23
-23
-28
-28
-23
-23
-10
-10
7
8
21
21
26
26
21
21
8
8
-9
-10
-23
-23
-28
-28
-23
-23
-10
-10
7
8
21
21
26
26
21
21
8
8
-9
-10
-23
-23
-28
-28
-23
-23
-10
-10
-2
-2
-2
-2
-2
-2
-2
-2
-2
